1.000000000000000000e+00
9.997506756835902175e-01
9.990054776589493146e-01
9.977686306045301379e-01
9.960445397019508373e-01
9.938380723323938515e-01
9.911542705841691614e-01
9.879983422448875841e-01
9.843756608014606613e-01
9.802917654401006597e-01
9.757523610463204600e-01
9.707633182049337783e-01
9.653306732000550561e-01
9.594606280150994593e-01
9.531595503327827679e-01
9.464339735351218197e-01
9.392905967034337333e-01
9.317362846183366853e-01
9.237780677597494661e-01
9.154231423068917017e-01
9.066788701382835214e-01
8.975527788317460010e-01
8.880525616644008302e-01
8.781849002413447680e-01
8.679557309902943274e-01
8.573736681068836463e-01
8.464474215288813053e-01
8.351857209986985886e-01
8.235973160633893730e-01
8.116909760746504610e-01
7.994754901888211363e-01
7.869596673668836084e-01
7.741523363744629016e-01
7.610623457818266324e-01
7.476985639638852321e-01
7.340698791001917245e-01
7.201851991749421700e-01
7.060534519769749995e-01
6.916835850997715696e-01
6.770845659414560513e-01
6.622653817047952085e-01
6.472350393971986193e-01
6.320025658307188987e-01
6.165770076220504770e-01
6.009674311925317092e-01
5.851829227681428769e-01
5.692325883795072983e-01
5.531255538618906620e-01
5.368709648552023594e-01
5.204779868039932644e-01
5.039558049574579535e-01
4.873136243694332070e-01
4.705606698983988423e-01
4.537061862074771024e-01
4.367594377644333226e-01
4.197297088416754307e-01
4.026263035162541137e-01
3.854585456698627066e-01
3.682357789888373034e-01
3.509673669641567573e-01
3.336626928914426804e-01
3.163311598709594996e-01
2.989821908076142343e-01
2.816226812494463938e-01
2.642573979974983667e-01
2.468957361528286432e-01
2.295470490097341054e-01
2.122205371115349626e-01
1.949252482505749451e-01
1.776700774682212214e-01
1.604637670548645367e-01
1.433149065499190744e-01
1.262319327418221782e-01
1.092231296680350183e-01
9.229662861504220328e-02
7.546040811835164064e-02
5.872229396249484257e-02
4.208995918102675926e-02
2.557092405652594547e-02
9.172556120593977624e-03
-7.097929846143602450e-03
-2.323347181403806472e-02
-3.922716050441710234e-02
-5.507223938958488718e-02
-7.076210469282212534e-02
-8.629030538838639020e-02
-1.016505432015115673e-01
-1.168366726084078544e-01
-1.318427008362621500e-01
-1.466627878632379423e-01
-1.612912464184750871e-01
-1.757225419820902523e-01
-1.899512927851765287e-01
-2.039722698098032083e-01
-2.177803967890167280e-01
-2.313707502068393929e-01
-2.447385592982702640e-01
-2.578792060492858251e-01
-2.707882251968374288e-01
-2.834613042288542939e-01
-2.958942833842413966e-01
-3.080831672411071809e-01
-3.200237020601349180e-01
-3.317115344310161418e-01
-3.431424937771640482e-01
-3.543125931504903514e-01
-3.652180292314051169e-01
-3.758551823288169835e-01
-3.862206163801329972e-01
-3.963110789512585552e-01
-4.061235012365975172e-01
-4.156549980590522608e-01
-4.249028678700236261e-01
-4.338645927494107490e-01
-4.425378384056113945e-01
-4.509204541755215123e-01
-4.590104730245356812e-01
-4.668061115465472199e-01
-4.743057699639472435e-01
-4.815080321276258846e-01
-4.884116655169711829e-01
-4.950156212398701405e-01
-5.013190340327078331e-01
-5.073212222603680210e-01
-5.130216879162328159e-01
-5.184201166221826806e-01
-5.235163776285965964e-01
-5.283105238143519511e-01
-5.328027916868249836e-01
-5.369936013818894516e-01
-5.408835566639185188e-01
-5.444734449257833120e-01
-5.477642371888533646e-01
-5.507570881029968390e-01
-5.534533359465803048e-01
-5.558545026264687383e-01
-5.579622936780255227e-01
-5.597782913880396949e-01
-5.613020020441801261e-01
-5.625345999970563504e-01
-5.634778336961691059e-01
-5.641335560194007392e-01
-5.645037242730153171e-01
-5.645904001916587367e-01
-5.643957499383585041e-01
-5.639220441045237342e-01
-5.631716577099457055e-01
-5.621470702027968613e-01
-5.608508654596316978e-01
-5.592857317853863197e-01
-5.574544619133785517e-01
-5.553599530053081601e-01
-5.530052066512561870e-01
-5.503933288696859494e-01
-5.475275301074418177e-01
-5.444111252397505485e-01
-5.410475335702202848e-01
-5.374402788308407786e-01
-5.335929891819837234e-01
-5.295093972124025328e-01
-5.251933399392321178e-01
-5.206487588079893314e-01
-5.158796996925727463e-01
-5.108903128952624328e-01
-5.056848531467204033e-01
-5.002676796059903896e-01
-4.946432558604977325e-01
-4.888161499260496035e-01
-4.827910342468346716e-01
-4.765726856954234925e-01
-4.701659855727683412e-01
-4.635759196082032130e-01
-4.568075779594438779e-01
-4.498661552125877150e-01
-4.427569503821138230e-01
-4.354853669108831316e-01
-4.280569126701381788e-01
-4.204771999595032783e-01
-4.127519455069844634e-01
-4.048861092425180552e-01
-3.968798424687298154e-01
-3.887377605809062553e-01
-3.804654645248122247e-01
-3.720685247422333974e-01
-3.635524811709761606e-01
-3.549228432448677251e-01
-3.461850898937561816e-01
-3.373446695435102227e-01
-3.284070001160195318e-01
-3.193774690291945051e-01
-3.102614331969662520e-01
-3.010642190292868170e-01
-2.917911224321290686e-01
-2.824474088074861999e-01
-2.730383130533727276e-01
-2.635690395638238259e-01
-2.540447622288953822e-01
-2.444706244346641355e-01
-2.348517390632275659e-01
-2.251931884927038940e-01
-2.155000245972323591e-01
-2.057772687469724693e-01
-1.960299118081056391e-01
-1.862629141428324420e-01
-1.764812056093758852e-01
-1.666896855619787177e-01
-1.568932228509042903e-01
-1.470966558224380272e-01
-1.373047923188845387e-01
-1.275224096785708694e-01
-1.177542547358430558e-01
-1.080050438210698460e-01
-9.827946276063898035e-02
-8.858216687696068847e-02
-7.891778098846408129e-02
-6.929089940960103666e-02
-5.970608595084253567e-02
-5.016787391868188228e-02
-4.068076611563153921e-02
-3.124923451268375382e-02
-2.187564827289692482e-02
-1.256269014020120270e-02
-3.315043854627733322e-03
5.862714312566082164e-03
1.496611555889983819e-02
2.399079855066692246e-02
3.293250942293765582e-02
4.178710177955621830e-02
5.055053669314368836e-02
5.921888270509499674e-02
6.778831582558200730e-02
7.625511953355036676e-02
8.461568477672236355e-02
9.286650997159552612e-02
1.010042010034417348e-01
1.090254712263097336e-01
1.169271414630221606e-01
1.247061400051784341e-01
1.323595026131520191e-01
1.398843725160930918e-01
1.472780004119258745e-01
1.545377444673513012e-01
1.616610703178443798e-01
1.686455510676567182e-01
1.754888672898141655e-01
1.821888070261191150e-01
1.887432657871481734e-01
1.951502465522544083e-01
2.014078597695652395e-01
2.075143233559845757e-01
2.134679626971904276e-01
2.192672106476374894e-01
2.249106075305548069e-01
2.303968011379475822e-01
2.357245467305956188e-01
2.408927070380549318e-01
2.459002522586561379e-01
2.507462600595057878e-01
2.554299155764856999e-01
2.599505114142528495e-01
2.643074476462399791e-01
2.685002318146545996e-01
2.725284789304803779e-01
2.763909755585334804e-01
2.800860981704884067e-01
2.836132208751354633e-01
2.869718062754834653e-01
2.901614037753562081e-01
2.931816495793932997e-01
2.960322666930493840e-01
2.987130649225951395e-01
3.012239408751160585e-01
3.035648779585136681e-01
3.057359463815045308e-01
3.077373031536210224e-01
3.095691920852105539e-01
3.112319437874365158e-01
3.127259756722772233e-01
3.140517919525269153e-01
3.152099836417949774e-01
3.162012285545063861e-01
3.170262913059015419e-01
3.176860233120363253e-01
3.181813627897820962e-01
3.185133347568255835e-01
3.186830510316691623e-01
3.186917102336304097e-01
3.185405977828425494e-01
3.182310859002542291e-01
3.177646336076295763e-01
3.171427867275480317e-01
3.163671778834046822e-01
3.154395264994100390e-01
3.143616388005898710e-01
3.131354078127857599e-01
3.117628133626544340e-01
3.102459220776682680e-01
3.085868873861149497e-01
3.067879495170978132e-01
3.048514355005354504e-01
3.027797591671620991e-01
3.005754211485272553e-01
2.982410088769961720e-01
2.957790451991993974e-01
2.931895420008527320e-01
2.904740646233584522e-01
2.876351490050335080e-01
2.846753474723313637e-01
2.815972287398428309e-01
2.784033779102952910e-01
2.750963964745529178e-01
2.716789023116173984e-01
2.681535296886267128e-01
2.645229292608563543e-01
2.607897680717179978e-01
2.569567295527611095e-01
2.530265135236712259e-01
2.490018361922715640e-01
2.448854301545216050e-01
2.406800443945183721e-01
2.363884442844951528e-01
2.320134115848228595e-01
2.275577444440086139e-01
2.230242573986971344e-01
2.184157813736694043e-01
2.137351636818440315e-01
2.089852680242757499e-01
2.041689744901571402e-01
1.992891795568166868e-01
1.943487960897208044e-01
1.893507533424719225e-01
1.842979969568102061e-01
1.791934889626119465e-01
1.740402077778911150e-01
1.688411482087981419e-01
1.635993214496201942e-01
1.583177550827820912e-01
1.529994930788446950e-01
1.476475957965067420e-01
1.422651399826027896e-01
1.368552187721055191e-01
1.314209416881233217e-01
1.259645029627001200e-01
1.204875206351244260e-01
1.149931351814985486e-01
1.094844684609093399e-01
1.039645996959584484e-01
9.843656547276030677e-02
9.290335974094417193e-02
8.736793381365209887e-02
8.183319636754096682e-02
7.630201344278042530e-02
7.077720844305493419e-02
6.526156213556182084e-02
5.975781265101315354e-02
5.426865548363382641e-02
4.879674349116354393e-02
4.334468689485479476e-02
3.791505327947491955e-02
3.251036759330422354e-02
2.713311214813698968e-02
2.178572661928186716e-02
1.647060804556044200e-02
1.119011082930897183e-02
5.946546736376706610e-03
7.421848961275401280e-04
-4.420748198561724740e-03
-9.540068691299530279e-03
-1.461363536218152070e-02
-1.963934962778851601e-02
-2.461515554118853810e-02
-2.953903979193472917e-02
-3.440903170606757211e-02
-3.922320324611264231e-02
-4.397966901108266158e-02
-4.867658623647569405e-02
-5.331215479427689474e-02
-5.788461719295667773e-02
-6.239225857747243698e-02
-6.683340672926718629e-02
-7.120646394745613894e-02
-7.551016508653050907e-02
-7.974287624753202686e-02
-8.390289088481570068e-02
-8.798856296234019991e-02
-9.199830695366728595e-02
-9.593059784196128481e-02
-9.978397111999029456e-02
-1.035570227901248808e-01
-1.072484093643393532e-01
-1.108568478642104477e-01
-1.143811158209186718e-01
-1.178200512752470008e-01
-1.211725527775820987e-01
-1.244375793879131803e-01
-1.276141506758330657e-01
-1.307013467205371815e-01
-1.336983081108246152e-01
-1.366042359450969357e-01
-1.394183918313594006e-01
-1.421400978872197907e-01
-1.447687367398894642e-01
-1.473037515261829411e-01
-1.497446458925170976e-01
-1.520909839949126652e-01
-1.543423904989932316e-01
-1.564985505799856846e-01
-1.585592099227193796e-01
-1.605241747216273884e-01
-1.623933116807457500e-01
-1.641665480137134980e-01
-1.658438714437729389e-01
-1.674253302037691515e-01
-1.689110330361505707e-01
-1.703011491929687371e-01
-1.715959084358782971e-01
-1.727956010361367256e-01
-1.739005777746049364e-01
-1.749112499417468380e-01
-1.758277005266900006e-01
-1.766495963377461564e-01
-1.773772628855517508e-01
-1.780110791245056445e-01
-1.785514612486551744e-01
-1.789988626916959868e-01
-1.793537741269722319e-01
-1.796167234674764246e-01
-1.797882758658495561e-01
-1.798690337143808993e-01
-1.798596366450082862e-01
-1.797607615293178585e-01
-1.795731224785441782e-01
-1.792974708435702558e-01
-1.789345952149275221e-01
-1.784853214227957729e-01
-1.779505125370031693e-01
-1.773310688670264590e-01
-1.766279279619905884e-01
-1.758420646106690910e-01
-1.749744908414837818e-01
-1.740262559225048689e-01
-1.729984463614511747e-01
-1.718921859056897483e-01
-1.707086355422360868e-01
-1.694489934977539691e-01
-1.681144952385559832e-01
-1.667064134706027212e-01
-1.652260581395033623e-01
-1.636747764305152841e-01
-1.620539527685447567e-01
-1.603650088181460265e-01
-1.586094034835218713e-01
-1.567886329085232955e-01
-1.549042304766503064e-01
-1.529577668110506938e-01
-1.509508497745209177e-01
-1.488851244695056364e-01
-1.467622732380984563e-01
-1.445840156620408490e-01
-1.423521085627229010e-01
-1.400683460011828696e-01
-1.377340484945574206e-01
-1.353492384143339389e-01
-1.329155063761600086e-01
-1.304345878185771412e-01
-1.279082122281980927e-01
-1.253381031397077516e-01
-1.227259781358617102e-01
-1.200735488474872492e-01
-1.173825209534828384e-01
-1.146545941808190527e-01
-1.118914623045372120e-01
-1.090948131477502969e-01
-1.062663285816424774e-01
-1.034076845254700699e-01
-1.005205509465601221e-01
-9.760659186031125922e-02
-9.466746533019340659e-02
-9.170482346774859461e-02
-8.872031243258954314e-02
-8.571557243240066071e-02
-8.269223772293750330e-02
-7.965193660802788456e-02
-7.659629143957016884e-02
-7.352691861753450631e-02
-7.044542858996218071e-02
-6.735342585296667794e-02
-6.425250895073213175e-02
-6.114427047551435068e-02
-5.803029706764060991e-02
-5.491216941550931818e-02
-5.179146225559111416e-02
-4.866974437242725660e-02
-4.554857859863070679e-02
-4.242952181488558738e-02
-3.931412494994827866e-02
-3.620393298064576715e-02
-3.310048493187667251e-02
-3.000531387661087290e-02
-2.691994693589040699e-02
-2.384589951075104242e-02
-2.078384520632859528e-02
-1.773477163440540655e-02
-1.470027423168299152e-02
-1.168191522438652083e-02
-8.681223628265873418e-03
-5.699695248595135211e-03
-2.738792680173608718e-03
2.000546926757273969e-04
3.115450696105186157e-03
6.006032366742877077e-03
8.870469951691703492e-03
1.170746690853086830e-02
1.451575990531488863e-02
1.729411882057381444e-02
2.004134674331349564e-02
2.275627997301459676e-02
2.543778801963406805e-02
2.808477360360416009e-02
3.069617265583288873e-02
3.327095431770315387e-02
3.580812094107410637e-02
3.830670808828014889e-02
4.076578453213154651e-02
4.318445225591337200e-02
4.556184645338691441e-02
4.789713552878888114e-02
5.018952109683162688e-02
5.243823798270250136e-02
5.464255422206498736e-02
5.680177106105793738e-02
5.891522295629592065e-02
6.098227757486848755e-02
6.300233579434133535e-02
6.497483170275548947e-02
6.689923259862769200e-02
6.877503899094974948e-02
7.060178459918951821e-02
7.237903635329021035e-02
7.410639439367060211e-02
7.578349207122525577e-02
7.740999594732364542e-02
7.898560579381136426e-02
8.051005459300943079e-02
8.198305479846260124e-02
8.340394951844226634e-02
8.477232820818722536e-02
8.608788151055572768e-02
8.735032934256192760e-02
8.855942089537548190e-02
8.971493463432224369e-02
9.081667829888373511e-02
9.186448890269739709e-02
9.285823273355625629e-02
9.379780535340938308e-02
9.468313159836165560e-02
9.551416557867377366e-02
9.629089067876209218e-02
9.701331955719899591e-02
9.768149414671262187e-02
9.829548565418699813e-02
9.885539456066176622e-02
9.936135062133262530e-02
9.981351286555099900e-02
1.002120695968241604e-01
1.005572383928152180e-01
1.008492661053430189e-01
1.010884288603823428e-01
1.012750320580637492e-01
1.014094103726736196e-01
1.014919277526541708e-01
1.015229774206034274e-01
1.015029818732752498e-01
1.014323928815793335e-01
1.013116914905812099e-01
1.011413880195021903e-01
1.009220220617194491e-01
1.006541624847659411e-01
1.003384074303305534e-01
9.997538431425784244e-02
9.956574982654833872e-02
9.911018993135825572e-02
9.860941986699976736e-02
9.806418414594078592e-02
9.747512590948424760e-02
9.684216371463247319e-02
9.616587257619406415e-02
9.544698432538709088e-02
9.468623868671775801e-02
9.388438327798029337e-02
9.304217361025689248e-02
9.216037308791806548e-02
9.123975300862210980e-02
9.028109256331548482e-02
8.928517883623257601e-02
8.825280680489611118e-02
8.718477934011659158e-02
8.608190720599268042e-02
8.494500905991096695e-02
8.377491145254639671e-02
8.257244882786168860e-02
8.133846352310766803e-02
8.007380576882314194e-02
7.877933368883528742e-02
7.745591330025901333e-02
7.610441851349734887e-02
7.472573113224131869e-02
7.332074085347028980e-02
7.189034526745138876e-02
7.043544985773984857e-02
6.895696800117888381e-02
6.745582096790009308e-02
6.593293792132279285e-02
6.438925591815443383e-02
6.282571990839042053e-02
6.124328273531457617e-02
5.964290513549839329e-02
5.802555573880156109e-02
5.639221106837179892e-02
5.474385554064473830e-02
5.308148146534451273e-02
5.140608904548284175e-02
4.971868637735966934e-02
4.802028945056282389e-02
4.631140332159397466e-02
4.459246359101966262e-02
4.286451621879908830e-02
4.112859481030606279e-02
3.938571961079774530e-02
3.763689750541369256e-02
3.588312201917646937e-02
3.412537331699134341e-02
3.236461820364694431e-02
3.060181012381426105e-02
2.883788916204733932e-02
2.707378204278291026e-02
2.531040213034103578e-02
2.354864942892419613e-02
2.178941058261786232e-02
2.003355887539023591e-02
1.828195423109285275e-02
1.653544321345962881e-02
1.479485902610749859e-02
1.306102151253629717e-02
1.133473715612851734e-02
9.616799080150041645e-03
7.907987047749073795e-03
6.209067461956922773e-03
4.520793365687537924e-03
2.843904441738223654e-03
1.179127012788709628e-03
-4.728259585982941271e-04
-2.111254869977340076e-03
-3.735473479019674192e-03
-5.344808903514138010e-03
-6.938601621366516370e-03
-8.516205470599946814e-03
-1.007698764935420488e-02
-1.162032871588666860e-02
-1.314562258857169402e-02
-1.465227654590085804e-02
-1.613971122648261147e-02
-1.760736062904277865e-02
-1.905467211242428682e-02
-2.048110639558731183e-02
-2.188613755760873691e-02
-2.326925303768301312e-02
-2.462995589822538842e-02
-2.596786065208869093e-02
-2.728249838673653394e-02
-2.857334488156760416e-02
-2.983989524487890357e-02
-3.108166391386532612e-02
-3.229818465461983118e-02
-3.348901056213306193e-02
-3.465371406029394558e-02
-3.579188690188930821e-02
-3.690314016860404139e-02
-3.798710427102073434e-02
-3.904342894862024987e-02
-4.007178326978134975e-02
-4.107185563178083337e-02
-4.204335376079326031e-02
-4.298600471189141514e-02
-4.389955486904598830e-02
-4.478376994512572873e-02
-4.563843498189711079e-02
-4.646335435002488246e-02
-4.725835174907164205e-02
-4.802327020749806719e-02
-4.875797208266262339e-02
-4.946233906082192489e-02
-5.013627215713054031e-02
-5.077969171564102047e-02
-5.139253740930393305e-02
-5.197476823996767525e-02
-5.252636253837879299e-02
-5.304731796418175882e-02
-5.353765150591908994e-02
-5.399739948103110532e-02
-5.442661753585631423e-02
-5.482538064563111102e-02
-5.519378311448992769e-02
-5.553193857546505352e-02
-5.583997999048689875e-02
-5.611805965038381416e-02
-5.636634917488213964e-02
-5.658498632846750698e-02
-5.677382088989899739e-02
-5.693294705347336226e-02
-5.706252440168625706e-02
-5.716272349852387358e-02
-5.723372588946300243e-02
-5.727572410147098447e-02
-5.728892164300571771e-02
-5.727353300401566427e-02
-5.722978365593984346e-02
-5.715791005170783173e-02
-5.705815962573978356e-02
-5.693079079394639669e-02
-5.677607295372893992e-02
-5.659428648397924616e-02
-5.638572274507970550e-02
-5.615068407890323049e-02
-5.588948380881339495e-02
-5.560244623966423272e-02
-5.528990665780038338e-02
-5.495221133105701594e-02
-5.458971750875993983e-02
-5.420279342172544534e-02
-5.379181828226040768e-02
-5.335718228416223147e-02
-5.289928660271898953e-02
-5.241854339470920776e-02
-5.191537579840201089e-02
-5.139021793355703221e-02
-5.084351490142460794e-02
-5.027572278474550654e-02
-4.968730864775108835e-02
-4.907875053616322231e-02
-4.845053747719452186e-02
-4.780316947954797030e-02
-4.713715753341718440e-02
-4.645302361048633810e-02
-4.575130066393010703e-02
-4.503253262841390436e-02
-4.429727442009352700e-02
-4.354609193661539146e-02
-4.277956205711640897e-02
-4.199823950856966526e-02
-4.120216324514586193e-02
-4.039170885120391130e-02
-3.956744176883639219e-02
-3.872992464116167127e-02
-3.787971731232345207e-02
-3.701737682749109415e-02
-3.614345743285943269e-02
-3.525851057564909075e-02
-3.436308490410602823e-02
-3.345772626750186107e-02
-3.254297771613366697e-02
-3.161937950132434616e-02
-3.068746907542211494e-02
-2.974778109180083174e-02
-2.880084740485983757e-02
-2.784719707002428907e-02
-2.688735634374466235e-02
-2.592184868349706531e-02
-2.495119474778318899e-02
-2.397591239613017927e-02
-2.299651668909102886e-02
-2.201351988824402917e-02
-2.102743145619309986e-02
-2.003875805656767442e-02
-1.904800355402299500e-02
-1.805566901423958162e-02
-1.706225270392365545e-02
-1.606825009080687164e-02
-1.507415384364673913e-02
-1.408045383222604127e-02
-1.308763712735323825e-02
-1.209618800086226936e-02
-1.110658792561286176e-02
-1.011931557549009680e-02
-9.134846825404670245e-03
-8.153654751292767344e-03
-7.176209630116392457e-03
-6.202978939862879848e-03
-5.234427359545164304e-03
-4.271016769201690932e-03
-3.312995151292293366e-03
-2.360623842155142992e-03
-1.414387398436021178e-03
-4.747595425225337867e-04
4.577968585915432459e-04
1.382829793306758308e-03
2.299898105417654513e-03
3.208571494112851669e-03
4.108430513975126069e-03
4.999066574981100852e-03
5.880081942501700493e-03
6.751089737301856769e-03
7.611713935540581621e-03
8.461589368770953273e-03
9.300361723940284500e-03
1.012768754338951548e-02
1.094323422485411409e-02
1.174668002146346882e-02
1.253771404174106388e-02
1.331603624960443072e-02
1.408135746436521216e-02
1.483339936072908954e-02
1.557189446879599787e-02
1.629658617405951512e-02
1.700722871740771233e-02
1.770358719512260884e-02
1.838543755888027986e-02
1.905256661575090854e-02
1.970477202819872348e-02
2.034186231408205425e-02
2.096365684665330714e-02
2.156998585455905532e-02
2.216069042183963639e-02
2.273562248792978732e-02
2.329464484765822116e-02
2.383763115124772763e-02
2.436446590431515583e-02
2.487504446787146273e-02
2.536927305832165080e-02
2.584706874746490676e-02
2.630835946249423032e-02
2.675308398599695117e-02
2.718119195595440629e-02
2.759260719558697880e-02
2.798713166959932233e-02
2.836467728278932454e-02
2.872517843995393838e-02
2.906857846541390303e-02
2.939482960301348022e-02
2.970389301612084282e-02
2.999573878762780768e-02
3.027034591994990850e-02
3.052770233502639929e-02
3.076780487432023703e-02
3.099065929881810941e-02
3.119628028903041056e-02
3.138469144499128616e-02
3.155592528625848076e-02
3.171002325191358412e-02
3.184703570056184735e-02
3.196702191033224533e-02
3.207005007887745590e-02
3.215619732337388070e-02
3.222554968052164515e-02
3.227820210654457761e-02
3.231425847719020944e-02
3.233383158772981658e-02
3.233704315295837101e-02
3.232402380719456847e-02
3.229491310428081463e-02
3.224985951758322505e-02
3.218902043999164603e-02
3.211256218391960598e-02
3.202065998130440572e-02
3.191349798360701429e-02
3.179126926181213147e-02
3.165417580642816003e-02
3.150242852748724037e-02
3.133624725454520199e-02
3.115586073668161204e-02
3.096150664249970597e-02
3.075343156012654011e-02
3.053189099721278360e-02
3.029714938093285362e-02
3.004933382014463375e-02
2.978846343768798421e-02
2.951478775893649417e-02
2.922856177125315869e-02
2.893004224188631263e-02
2.861948771796957516e-02
2.829715852652207181e-02
2.796331677444811523e-02
2.761822634853740299e-02
2.726215291546497943e-02
2.689536392179122867e-02
2.651812859396187466e-02
2.613071793830799155e-02
2.573340474104591352e-02
2.532646356827753312e-02
2.491017076598987454e-02
2.448480446005537464e-02
2.405064455623180664e-02
2.360797274016229047e-02
2.315707247737528590e-02
2.269822901328459250e-02
2.223172937318927331e-02
2.175786236227397405e-02
2.127691856560844433e-02
2.078919034814784988e-02
2.029497185473269627e-02
1.979455901008884272e-02
1.928824951882747787e-02
1.877634286544513365e-02
1.825914031432369217e-02
1.773694490973028171e-02
1.721006147581763401e-02
1.667879661662356391e-02
1.614345871607131971e-02
1.560435793796948432e-02
1.506180622601198740e-02
1.451611730377808107e-02
1.396760667473239195e-02
1.341659119949884134e-02
1.286324118969139375e-02
1.230776017374172158e-02
1.175046981666931847e-02
1.119168745421803869e-02
1.063172609285609194e-02
1.007089440977604680e-02
9.509496752894827307e-03
8.947833140853612283e-03
8.386199263018243033e-03
7.824886479478610976e-03
7.264181821049067039e-03
6.704367989268323648e-03
6.145723356399441714e-03
5.588521965429842780e-03
5.033033530071310754e-03
4.479523434759978898e-03
3.928252734656237019e-03
3.379478155645137399e-03
2.833452094335782434e-03
2.290422618061740967e-03
1.750633464880926859e-03
1.214324043575619808e-03
6.817294336524549331e-04
1.530803853424210492e-04
-3.713966803992295451e-04
-8.914796718926063651e-04
-1.406950826733737586e-03
-1.917596711794209222e-03
-2.423208223221250124e-03
-2.923580586437719842e-03
-3.418513356142138110e-03
-3.907810416308651891e-03
-4.391279980187151599e-03
-4.868734590302906812e-03
-5.339991118457086683e-03
-5.804870765726413001e-03
-6.263199062463267741e-03
-6.714805868295658370e-03
-7.159525372127235193e-03
-7.597220199971532403e-03
-8.027748365675808559e-03
-8.450934977781671825e-03
-8.866611205480819796e-03
-9.274614377587243191e-03
-9.674787982536934422e-03
-1.006698166838796218e-02
-1.045105124282046452e-02
-1.082685867313665402e-02
-1.119427208626081610e-02
-1.155316576873937663e-02
-1.190342016674064002e-02
-1.224492188605518297e-02
-1.257756369209557870e-02
-1.290124450989649230e-02
-1.321586942411464433e-02
-1.352134967902883858e-02
-1.381760267853995514e-02
-1.410455198617099198e-02
-1.438212732506686381e-02
-1.465026457799472985e-02
-1.490890578734375277e-02
-1.515799915512518366e-02
-1.539749904297233254e-02
-1.562736597214060136e-02
-1.584756662350744055e-02
-1.605807383757239942e-02
-1.625886661445712436e-02
-1.644993011390523049e-02
-1.663125565528251332e-02
-1.680284071757680298e-02
-1.696468893939800937e-02
-1.711681011897811522e-02
-1.725922021417117258e-02
-1.739194134245330634e-02
-1.751500178092274540e-02
-1.762843596629971865e-02
-1.773228449492660064e-02
-1.782659412276780403e-02
-1.791137403786523946e-02
-1.798658851710443346e-02
-1.805227475683795699e-02
-1.810847533258789013e-02
-1.815523651302421854e-02
-1.819260825996480216e-02
-1.822064422837542733e-02
-1.823940176636976856e-02
-1.824894191520939901e-02
-1.824932940930379735e-02
-1.824063267621033393e-02
-1.822292383663428120e-02
-1.819627870442881365e-02
-1.816077678659499053e-02
-1.811650128328179746e-02
-1.806353908778610129e-02
-1.800198078655266404e-02
-1.793192065917415673e-02
-1.785345667839114900e-02
-1.776669051009210215e-02
-1.767172751331338651e-02
-1.756867674023924672e-02
-1.745765093620188155e-02
-1.733876653968133633e-02
-1.721214368230557581e-02
-1.707790618885045991e-02
-1.693618157723975406e-02
-1.678710105854511192e-02
-1.663079953698609614e-02
-1.646741560993013678e-02
-1.629709156789264923e-02
-1.611997339453685729e-02
-1.593621076667392500e-02
-1.574595705426290460e-02
-1.554936932041074867e-02
-1.534660832137231361e-02
-1.513783850655035443e-02
-1.492322801849551954e-02
-1.470294869290632300e-02
-1.447717605862929371e-02
-1.424608933765874295e-02
-1.400987144513692224e-02
-1.376868872113564367e-02
-1.352253948053455494e-02
-1.327155741326444330e-02
-1.301592048729574222e-02
-1.275580594373739232e-02
-1.249139029683702523e-02
-1.222284933398068950e-02
-1.195035811569302928e-02
-1.167409097563724268e-02
-1.139422152061508181e-02
-1.111092263056685098e-02
-1.082436645857140674e-02
-1.053472443084610584e-02
-1.024216724674701512e-02
-9.946864878768599261e-03
-9.648986572543925486e-03
-9.348700846844616719e-03
-9.046175493580842913e-03
-8.741577577801334931e-03
-8.435073437693372395e-03
-8.126828684582785428e-03
-7.817008202933906080e-03
-7.505776150349778228e-03
-7.193295957571845325e-03
-6.879730328480144694e-03
-6.565241240093277163e-03
-6.249989942568389724e-03
-5.934136959201185071e-03
-5.617842086425921602e-03
-5.301264393815346629e-03
-4.984562224080934037e-03
-4.667893193072543412e-03
-4.351414189778642083e-03
-4.035281376326247879e-03
-3.719650187980934331e-03
-3.404675333146821997e-03
-3.090510793366595815e-03
-2.777309823321425300e-03
-2.465224950831205672e-03
-2.154407976854223056e-03
-1.845002721727285458e-03
-1.537054968484190135e-03
-1.230688869436111178e-03
-9.260624832667391920e-04
-6.233304394045208630e-04
-3.226439380226585243e-04
-2.415075003905854840e-05
2.720047828834600522e-04
5.656817483374780922e-04
8.567426631707706491e-04
1.145053473486354334e-03
1.430483554642491845e-03
1.712905711252687199e-03
1.992196177185692231e-03
2.268234615565547369e-03
2.540904118771391239e-03
2.810091208437759044e-03
3.075685835454373095e-03
3.337581379966205256e-03
3.595674651373467409e-03
3.849865888331620127e-03
4.100058758751362262e-03
4.346160359798686458e-03
4.588081217894692670e-03
4.825735288715859647e-03
5.059039957193866253e-03
5.287916037515628769e-03
5.512287773123320835e-03
5.732082836714351773e-03
5.947232330241374390e-03
6.157670784912284978e-03
6.363336161190264947e-03
6.564169848793623835e-03
6.760116666696030022e-03
6.951124863126359812e-03
7.137146115568732130e-03
7.318135530762506780e-03
7.494051644702289655e-03
7.664856422637932737e-03
7.830515259074560114e-03
7.990996977772448287e-03
8.146273831747215255e-03
8.296321503269680001e-03
8.441119103865918002e-03
8.580646470350677610e-03
8.714842888466019927e-03
8.843666830216300248e-03
8.967092376081143082e-03
9.085096504614196752e-03
9.197659092443273912e-03
9.304762914270254398e-03
9.406393642871114721e-03
9.502539849095922864e-03
9.593193001868838277e-03
9.678347468188115352e-03
9.758000513126106890e-03
9.832152299829262365e-03
9.900805889518089764e-03
9.963967241487237114e-03
1.002164521310541789e-02
1.007385155981545266e-02
1.012060093513424824e-02
1.016191089065280467e-02
1.019780187603621692e-02
1.022829723902368010e-02
1.025342322542846345e-02
1.027320897913794849e-02
1.028768654211360302e-02
1.029689085439098803e-02
1.030085975407975946e-02
1.029963397736366471e-02
1.029325715850054612e-02
1.028177582982233579e-02
1.026523942173506593e-02
1.024370026271885850e-02
1.021721357932792520e-02
1.018583749619057614e-02
1.014963303600921289e-02
1.010866411956033023e-02
1.006299756569451614e-02
1.001270309133645356e-02
9.957853311484906461e-03
9.898523739212763267e-03
9.834792785666976109e-03
9.766741760068598996e-03
9.694450189439589305e-03
9.617913831917320258e-03
9.537178631004627344e-03
9.452324005759491637e-03
9.363429990748274589e-03
9.270577236045789149e-03
9.173847007235195680e-03
9.073321185408073086e-03
8.969082267164396258e-03
8.861213364612539542e-03
8.749798205369280213e-03
8.634921132559789797e-03
8.516667104817621931e-03
8.395121696284788687e-03
8.270371096611640882e-03
8.142502110956949604e-03
8.011602159987883665e-03
7.877759279880014801e-03
7.741062122317307267e-03
7.601599954492130849e-03
7.459462659105250450e-03
7.314740734365806143e-03
7.167525293991412055e-03
7.017908067208009776e-03
6.865981398749961169e-03
6.711838248860028423e-03
6.555572193289371449e-03
6.397277423297552217e-03
6.237048745652531284e-03
6.074981582630638310e-03
5.911171972016687412e-03
5.745716567103808896e-03
5.578712636693556812e-03
5.410258065095889871e-03
5.240451352129161904e-03
5.069391613120125331e-03
4.897178578903935500e-03
4.723912595824112520e-03
4.549694625732669633e-03
4.374626245989927595e-03
4.198775121112699807e-03
4.022168086730986553e-03
3.844908014500121336e-03
3.667099297553998855e-03
3.488844844910933378e-03
3.310246081473622749e-03
3.131402948029277621e-03
2.952413901249431073e-03
2.773375913690063511e-03
2.594384473791574476e-03
2.415533585878779609e-03
2.236915770160911518e-03
2.058622062731621516e-03
1.880742015568974846e-03
1.703363696535425097e-03
1.526573689377936933e-03
1.350457093727797011e-03
1.175097525100740614e-03
1.000577114896920861e-03
8.269765104009078362e-04
6.543748747816885945e-04
4.828498870926662898e-04
3.124777422716332881e-04
1.433331511408860934e-04
-2.451065959294725788e-05
-1.909819473387940059e-04
-3.560104536211670251e-04
-5.195274040801587528e-04
-6.814655084714446587e-04
-8.417589606662832444e-04
-1.000343438651544667e-03
-1.157156104529596247e-03
-1.312135604518475072e-03
-1.465222068951772642e-03
-1.616357112278660017e-03
-1.765483833063896495e-03
-1.912546813987816598e-03
-2.057492121846345688e-03
-2.200267307550986089e-03
-2.340821406128853512e-03
-2.479104936722564302e-03
-2.615069902590400237e-03
-2.748669791106197503e-03
-2.879859573759373584e-03
-3.008595758468741999e-03
-3.134840839237273274e-03
-3.258551622106672322e-03
-3.379681463709070972e-03
-3.498185656152798337e-03
-3.614021427022507012e-03
-3.727147939379087636e-03
-3.837526291759691018e-03
-3.945119518177727692e-03
-4.049892588122867496e-03
-4.151812406561041294e-03
-4.250847813934453996e-03
-4.346969586161522105e-03
-4.440150434636971725e-03
-4.530365006231771782e-03
-4.617589883293153098e-03
-4.701803583644599722e-03
-4.782986560585863675e-03
-4.861121202892952804e-03
-4.936191834818133388e-03
-5.008184716089944880e-03
-5.077088041913152203e-03
-5.142891942968812538e-03
-5.205588485414235425e-03
-5.265171670882984496e-03
-5.321637436484887886e-03
-5.374983654806032157e-03
-5.425210133908762306e-03
-5.472318617331692163e-03
-5.516312784089670573e-03
-5.557198248673832566e-03
-5.594982561051562060e-03
-5.629675206666503139e-03
-5.661287606438561784e-03
-5.689833116763900675e-03
-5.715327029514946124e-03
-5.737786572040383740e-03
-5.757230907165149757e-03
-5.773681133190452716e-03
-5.787160283893753518e-03
-5.797693328528776696e-03
-5.805288398913989976e-03
-5.809935477025933090e-03
-5.811656137351832278e-03
-5.810473626743136583e-03
-5.806412154566971580e-03
-5.799496892706139384e-03
-5.789753975559117777e-03
-5.777210500040056741e-03
-5.761894525578785398e-03
-5.743835074120805934e-03
-5.723062130127296206e-03
-5.699606640575110607e-03
-5.673500514956772260e-03
-5.644776625280495570e-03
-5.613468806070155866e-03
-5.579611854365307613e-03
-5.543241529721182684e-03
-5.504394554208686015e-03
-5.463108612414399080e-03
-5.419422351440579891e-03
-5.373375380905150850e-03
-5.325008272941736051e-03
-5.274362562199610971e-03
-5.221480745843733694e-03
-5.166406283554737973e-03
-5.109183597528933231e-03
-5.049858072478303692e-03
-4.988476055630509248e-03
-4.925084856728885463e-03
-4.859732748032430556e-03
-4.792468964315854847e-03
-4.723343702869508762e-03
-4.652408123499427936e-03
-4.579714348527325410e-03
-4.505315462790589025e-03
-4.429265513642280556e-03
-4.351619510951140919e-03
-4.272433427101567614e-03
-4.191764196993679782e-03
-4.109669718043226262e-03
-4.026208850181648043e-03
-3.941441415856061781e-03
-3.855427528443185724e-03
-3.768177607946920828e-03
-3.679719887530723960e-03
-3.590113566318525740e-03
-3.499417395172658811e-03
-3.407689676693764162e-03
-3.314988265220853141e-03
-3.221370566831291849e-03
-3.126893539340800700e-03
-3.031613692303456158e-03
-2.935587087011689005e-03
-2.838869336496285204e-03
-2.741515605526367253e-03
-2.643580610609466176e-03
-2.545118619991414838e-03
-2.446183453656419066e-03
-2.346828483327038570e-03
-2.247106632464188677e-03
-2.147070376267139896e-03
-2.046771741673517053e-03
-1.946262307359281941e-03
-1.845593203738804880e-03
-1.744815112964758462e-03
-1.643978268928188245e-03
-1.543132457258491498e-03
-1.442327015323423712e-03
-1.341610832229094691e-03
-1.241032348819968555e-03
-1.140639557678847262e-03
-1.040480003126939123e-03
-9.406007812237555943e-04
-8.410485397671819616e-04
-7.418694782934565253e-04
-6.431093480771719016e-04
-5.448134521312771907e-04
-4.470266452070766755e-04
-3.497933337942280875e-04
-2.531574761207291621e-04
-1.571625821529809564e-04
-6.185171359568940319e-05
3.273251610806703418e-05
1.265479417768538423e-04
2.195528464908856614e-04
3.117243408496905258e-04
4.030409885620691354e-04
4.934587426980358883e-04
5.829346574349498090e-04
6.714269350155183851e-04
7.588949257477313774e-04
8.452991280048782752e-04
9.306011882255473206e-04
1.014763900913626376e-03
1.097751208638302707e-03
1.179528202034076535e-03
1.260061119800704767e-03
1.339317348703286540e-03
1.417265423572205757e-03
1.493875027303146049e-03
1.569116990857089044e-03
1.642963293260317394e-03
1.715387061604411751e-03
1.786362571046252058e-03
1.855865244808029696e-03
1.923871654177198914e-03
1.990359518506550768e-03
2.055307705214161947e-03
2.118696229783408221e-03
2.180506255762966385e-03
2.240720094766810583e-03
2.299321206474214466e-03
2.356294198629762041e-03
2.411624827043305601e-03
2.465299995590027309e-03
2.517307756210398866e-03
2.567637308910188446e-03
2.616279001760467640e-03
2.663224330897604950e-03
2.708465940523267952e-03
2.751997622904431545e-03
2.793814318373346716e-03
2.833912115327587820e-03
2.872288250230019616e-03
2.908941107608805070e-03
2.943870220057409701e-03
2.977076268234595501e-03
3.008561080864423538e-03
3.038327634736255698e-03
3.066373445758624298e-03
3.092680559796820439e-03
3.117247626446858003e-03
3.140075403640192435e-03
3.161165439616607509e-03
3.180520072924217061e-03
3.198142432419461955e-03
3.214036437267112686e-03
3.228206796940270677e-03
3.240659011220359178e-03
3.251399370197137571e-03
3.260434954268690965e-03
3.267773634141434101e-03
3.273424070830109178e-03
3.277395715657788894e-03
3.279698810255872975e-03
3.280344386564091642e-03
3.279344266830501280e-03
3.276711063611490501e-03
3.272458179771774080e-03
3.266599808484396423e-03
3.259150933230730695e-03
3.250127327800478826e-03
3.239545556291671506e-03
3.227422973110668190e-03
3.213777722972154492e-03
3.198628740899152161e-03
3.181995752223004334e-03
3.163899272583386383e-03
3.144360607928300706e-03
3.123401854514079330e-03
3.101045898905383912e-03
3.077316417975202705e-03
3.052237878904850987e-03
3.025835539183983208e-03
2.998135446610571738e-03
2.969164439290921179e-03
2.938950145639664894e-03
2.907520984379764577e-03
2.874906164542511550e-03
2.841135685467525464e-03
2.806240336802748661e-03
2.770251698504470027e-03
2.733200276914350690e-03
2.695083520452518783e-03
2.655918822864553139e-03
2.615736439710878835e-03
2.574566606178357864e-03
2.532439537080286972e-03
2.489385426856400262e-03
2.445434449572859211e-03
2.400616758922284773e-03
2.354962488223712267e-03
2.308501750422618272e-03
2.261264638090916719e-03
2.213281223426958461e-03
2.164581558255529101e-03
2.115195674027850296e-03
2.065153581821571518e-03
2.014485272340804742e-03
1.963220715916071980e-03
1.911389862504338233e-03
1.859022641689007157e-03
1.806148962679916727e-03
1.752798714313341623e-03
1.699001765051991924e-03
1.644787962985005524e-03
1.590187135827983694e-03
1.535229090922935781e-03
1.479943615238316947e-03
1.424360475369017536e-03
1.368509417536364599e-03
1.312420167588122105e-03
1.256122430998487909e-03
1.199645892868098085e-03
1.143020217924013270e-03
1.086275050519761596e-03
1.029440014635274719e-03
9.725447138769344451e-04
9.156187314775540795e-04
8.586916302963866661e-04
8.017929528191191334e-04
7.449522211578751135e-04
6.881963941051087589e-04
6.315296247175840099e-04
5.749765389661963717e-04
5.185682039393437782e-04
4.623350941219234417e-04
4.063070913953322318e-04
3.505134850374662424e-04
2.949829717227212792e-04
2.397436555219826138e-04
1.848230479026644491e-04
1.302480677286511554e-04
7.604504126033624720e-05
2.223970215461262574e-05
-3.114280853512715018e-05
-8.407794235899129776e-05
-1.365417434705881597e-04
-1.885108486270270717e-04
-2.399624871889266021e-04
-2.908744811203792073e-04
-3.412252449890040319e-04
-3.909937859659126484e-04
-4.401597038257176221e-04
-4.887031909465303428e-04
-5.366050323099640605e-04
-5.838466055011321508e-04
-6.304098807086565715e-04
-6.762774207246359873e-04
-7.214323809446930406e-04
-7.658585093679435608e-04
-8.095401465970037194e-04
-8.524622258379900303e-04
-8.946102729005200004e-04
-9.359704061977108282e-04
-9.765293367461882947e-04
-1.016274368166056839e-03
-1.055193396680942277e-03
-1.093274911117965561e-03
-1.130507992907746253e-03
-1.166882316084405990e-03
-1.202388147285565452e-03
-1.237016345752347396e-03
-1.270758363329373402e-03
-1.303606244464773634e-03
-1.335552626210159948e-03
-1.366590738220660375e-03
-1.396714402754901333e-03
-1.425918034675007634e-03
-1.454193937840068951e-03
-1.481530806761945877e-03
-1.507921169415141162e-03
-1.533358194021922950e-03
-1.557835602560820286e-03
-1.581347670766649347e-03
-1.603889228130495016e-03
-1.625455657899716085e-03
-1.646042897077945469e-03
-1.665647436425089127e-03
-1.684266320457326709e-03
-1.701897147447115457e-03
-1.718538069423176115e-03
-1.734187792170512879e-03
-1.748845575230400379e-03
-1.762511231900386940e-03
-1.775185129234294794e-03
-1.786868188042219649e-03
-1.797561882890530687e-03
-1.807268242101873167e-03
-1.815989847755159967e-03
-1.823729835685583296e-03
-1.830491895484607969e-03
-1.836280270499971411e-03
-1.841099757835685385e-03
-1.844955708352034700e-03
-1.847854026665578936e-03
-1.849801171149150283e-03
-1.850804153931855491e-03
-1.850870540899073914e-03
-1.850008451692459685e-03
-1.848226559709940193e-03
-1.845534092105716520e-03
-1.841940829790263221e-03
-1.837457107430329195e-03
-1.832093813448936164e-03
-1.825862390025379109e-03
-1.818774833095229302e-03
-1.810843692350329326e-03
-1.802082071238796102e-03
-1.792503626965020243e-03
-1.782122570489665624e-03
-1.770953666529670890e-03
-1.759009984385948152e-03
-1.746285805297341162e-03
-1.732790000297475047e-03
-1.718536483458102003e-03
-1.703539288574391387e-03
-1.687812569164926250e-03
-1.671370598471704633e-03
-1.654227769460138702e-03
-1.636398594819054968e-03
-1.617897706960694281e-03
-1.598739858020709016e-03
-1.578939919858175648e-03
-1.558512884055575018e-03
-1.537473861918805997e-03
-1.515838084477181364e-03
-1.493620902483428891e-03
-1.470837786413686137e-03
-1.447504326467521918e-03
-1.423636232567890118e-03
-1.399249334361193009e-03
-1.374359581217212941e-03
-1.348983042229181303e-03
-1.323135906213708263e-03
-1.296834481710845872e-03
-1.270095196984060738e-03
-1.242934600020205622e-03
-1.215369358529585359e-03
-1.187416259945881392e-03
-1.159092211426227675e-03
-1.130414239851133904e-03
-1.101399491824564016e-03
-1.072065233673855523e-03
-1.042428851449790639e-03
-1.012507850926567003e-03
-9.823198576017649376e-04
-9.518826166964213919e-04
-9.212139931549453726e-04
-8.903319716452022959e-04
-8.592546565584297446e-04
-8.280002720093117361e-04
-7.965871618359469551e-04
-7.650337895998159023e-04
-7.333586424235450599e-04
-7.015654261418283362e-04
-6.696624251874089490e-04
-6.376686779139605164e-04
-6.056029402136854515e-04
-5.734836855172239980e-04
-5.413291047937341359e-04
-5.091571065508572122e-04
-4.769853168346838970e-04
-4.448310792298334928e-04
-4.127114548593637834e-04
-3.806432223848609680e-04
-3.486428780063494559e-04
-3.167266354623825600e-04
-2.849104260299515322e-04
-2.532098985245649267e-04
-2.216404193002149362e-04
-1.902170722493432388e-04
-1.589546588029198742e-04
-1.278676979303538510e-04
-9.697042613958145509e-05
-6.627679747697875438e-05
-3.580048352743825206e-05
-5.554873414335276260e-06
2.444692620050313656e-05
5.419209111672451586e-05
8.366807959553422373e-05
1.128626323596135976e-04
1.417637725932010487e-04
1.703598059420107468e-04
1.986393205133142603e-04
2.265911868758691081e-04
2.542045580599500924e-04
2.814688695573770542e-04
3.083738393214491714e-04
3.349094677670189004e-04
3.610660377704184680e-04
3.868341146695335967e-04
4.122045462637295623e-04
4.371684628139249195e-04
4.617172770425275342e-04
4.858426841334627724e-04
5.095366617321971364e-04
5.327914699456808012e-04
5.555996513424139686e-04
5.779540309523794293e-04
5.998477162671100003e-04
6.212742120966706317e-04
6.422291986249164478e-04
6.627059690033574582e-04
6.826969697756765350e-04
7.021949970958526674e-04
7.211931967281044742e-04
7.396850640469456069e-04
7.576644440371304310e-04
7.751255312937073687e-04
7.920628700219728207e-04
8.084713540374916570e-04
8.243462267661140225e-04
8.396830812439342456e-04
8.544778601173369167e-04
8.687268556429528698e-04
8.824267096877008157e-04
8.955744137287475516e-04
9.081673088535466678e-04
9.202030857598049365e-04
9.316797847554977082e-04
9.425957957588802956e-04
9.529498582984594589e-04
9.627410615130249563e-04
9.719688441516196199e-04
9.806329945735675450e-04
9.887336507484506716e-04
9.962713002561191921e-04
1.003246780286698708e-03
1.009661277640572664e-03
1.015516328728400999e-03
1.020813819571103230e-03
1.025555985799873849e-03
1.029745412656168230e-03
1.033385034991715851e-03
1.036478137268508591e-03
1.039028353558807448e-03
1.041039667545143408e-03
1.042516412520311589e-03
1.043463271387377964e-03
1.043885276659673508e-03
1.043787810460798313e-03
1.043176604524619642e-03
1.042057740195272576e-03
1.040437648427159799e-03
1.038323109784951813e-03
1.035721254443585206e-03
1.032631413204409924e-03
1.029051215177040910e-03
1.024986772318697142e-03
1.020444319360106194e-03
1.015430208874478369e-03
1.009950911277503888e-03
1.004013014827346813e-03
9.976232256246571947e-04
9.907883676125567567e-04
9.835153825766545111e-04
9.758113301450295181e-04
9.676833877882499687e-04
9.591388508193521506e-04
9.501851323938598562e-04
9.408297635097767923e-04
9.310803930075755219e-04
9.209447875702214247e-04
9.104308317231447250e-04
8.995465278342694394e-04
8.882999961139835619e-04
8.766994746151656262e-04
8.647533192331739726e-04
8.524700037058327616e-04
8.398581196134629820e-04
8.269263763788466722e-04
8.136836012672634582e-04
8.001387393864531480e-04
7.863008536866537878e-04
7.721791249605631721e-04
7.577828518433725631e-04
7.431214508127532460e-04
7.282044561888396158e-04
7.130415201342659316e-04
6.976424126541244664e-04
6.820170215960084416e-04
6.661753526499677915e-04
6.501275293485542662e-04
6.338837930667756779e-04
6.174545030221361254e-04
6.008501362746195137e-04
5.840812877266701470e-04
5.671586701232362053e-04
5.500931140517203045e-04
5.328955679420287195e-04
5.155770980665219444e-04
4.981429024137841357e-04
4.805919174833663465e-04
4.629347739833051503e-04
4.451823227907844658e-04
4.273452751990566671e-04
4.094342029174929455e-04
3.914595380715326224e-04
3.734315732027338906e-04
3.553604612687231274e-04
3.372562156432391844e-04
3.191287101161147392e-04
3.009876788932563463e-04
2.828427165966901358e-04
2.647032782645098261e-04
2.465786793509284406e-04
2.284780957262268078e-04
2.104105636768049525e-04
1.923849799051308130e-04
1.744101015297848563e-04
1.564945460854415380e-04
1.386467915228489734e-04
1.208751762088749624e-04
1.031878989264550556e-04
8.559301887464367464e-05
6.809845566856337178e-05
5.071198933944976979e-05
3.344126033463117910e-05
1.629376951751092522e-05
-7.231218323890120647e-07
-1.760219201947803465e-05
-3.433635893204754069e-05
-5.091868004231960530e-05
-6.734235240639895037e-05
-8.360071266432032421e-05
-9.968723704000697662e-05
-1.155955413412895240e-04
-1.313193809599218871e-04
-1.468526508715415008e-04
-1.621893856357149591e-04
-1.773237593958932375e-04
-1.922500858794554948e-04
-2.069628183976658133e-04
-2.214565498457162418e-04
-2.357260127026891737e-04
-2.497660790315742608e-04
-2.635717604792816400e-04
-2.771382082766095161e-04
-2.904620650181349850e-04
-3.035428020709852190e-04
-3.163752611545696280e-04
-3.289540944670305608e-04
-3.412741633242989897e-04
-3.533305381601071419e-04
-3.651184985259579787e-04
-3.766335330911596731e-04
-3.878713396427917832e-04
-3.988278250857384285e-04
-4.094991054426559262e-04
-4.198815058540041252e-04
-4.299715605780196799e-04
-4.397660129907277060e-04
-4.492618155859519173e-04
-4.584561299752904482e-04
-4.673463268881428503e-04
-4.759299861716839632e-04
-4.842048967908891221e-04
-4.921690568285100884e-04
-4.998206734850979809e-04
-5.071581630789835432e-04
-5.141801510462865217e-04
-5.208854719409216835e-04
-5.272731694345824446e-04
-5.333424963167598433e-04
-5.390929144947237839e-04
-5.445240949935412512e-04
-5.496359179560606975e-04
-5.544284726429194159e-04
-5.589020574325478767e-04
-5.630571798211579096e-04
-5.668945564227560394e-04
-5.704151129691309094e-04
-5.736199843098645570e-04
-5.765105144123226560e-04
-5.790882563616629730e-04
-5.813549723608286458e-04
-5.833126337305510022e-04
-5.849634209093520533e-04
-5.863097234535388563e-04
-5.873541400372091518e-04
-5.880994784522468105e-04
-5.885487556083254107e-04
-5.887051975329056367e-04
-5.885722393712369046e-04
-5.881535253863563869e-04
-5.874529089590896629e-04
-5.864744525880501765e-04
-5.852218686302920704e-04
-5.836904658985429340e-04
-5.818805780526511073e-04
-5.797955230198560770e-04
-5.774386883522418480e-04
-5.748135312267356424e-04
-5.719235784451045385e-04
-5.687724264339621928e-04
-5.653637412447608170e-04
-5.617012585537999600e-04
-5.577887836622168584e-04
-5.536301914959968450e-04
-5.492294266059622896e-04
-5.445905031677826828e-04
-5.397175049819704067e-04
-5.346145854738757483e-04
-5.292859676936982833e-04
-5.237359443164733234e-04
-5.179688776420863366e-04
-5.119891995952577683e-04
-5.058014117255589786e-04
-4.994100852073953293e-04
-4.928198608400215794e-04
-4.860354490475354340e-04
-4.790616298788702258e-04
-4.719032530078116124e-04
-4.645652377329779516e-04
-4.570525729778406846e-04
-4.493703172907034110e-04
-4.415235988447204830e-04
-4.335176154378890361e-04
-4.253576344930406952e-04
-4.170489930578609819e-04
-4.085970978048666545e-04
-4.000074250314288558e-04
-3.912855206597495861e-04
-3.824370002368858803e-04
-3.734675489347249805e-04
-3.643829215500059109e-04
-3.551889425043112383e-04
-3.458915058440559590e-04
-3.364965752405110256e-04
-3.270101839897770015e-04
-3.174384350128103523e-04
-3.077875008553969914e-04
-2.980636236881788973e-04
-2.882731153066272795e-04
-2.784223571310663224e-04
-2.685159894218290132e-04
-2.585507820462187682e-04
-2.485315852468676472e-04
-2.384645821440867870e-04
-2.283558715342598727e-04
-2.182114678898145952e-04
-2.080373013592476698e-04
-1.978392177671140211e-04
-1.876229786140161577e-04
-1.773942610766292716e-04
-1.671586580076723171e-04
-1.569216779359370131e-04
-1.466887450662589221e-04
-1.364651992795462359e-04
-1.262562961327511524e-04
-1.160672068588948394e-04
-1.059030183670567826e-04
-9.576873324236386182e-05
-8.566926974601580310e-05
-7.560946181525612171e-05
-6.559405906340085371e-05
-5.562772677981014978e-05
-4.571504592991670847e-05
-3.586051315519723452e-05
-2.606854077319724003e-05
-1.634345677752079874e-05
-6.689504837819324531e-06
2.889155700183275097e-06
1.238844981471851720e-05
2.180438680794640101e-05
3.113306030598180819e-05
4.037064825887119257e-05
4.951341294060325948e-05
5.855770094911780200e-05
6.749994320628369170e-05
7.633665495792397787e-05
8.506443577379116773e-05
9.367996954759172943e-05
1.021800244969614806e-04
1.105614531634904708e-04
1.188211924127010265e-04
1.269562634340574547e-04
1.349637717409745536e-04
1.428409071707973385e-04
1.505849438848238099e-04
1.581932403682824559e-04
1.656632394303548042e-04
1.729924682041528161e-04
1.801785381467411128e-04
1.872191678168599069e-04
1.941127548257581598e-04
2.008570870746702601e-04
2.074496553065969758e-04
2.138880613198111767e-04
2.201700179678393757e-04
2.262933491594798356e-04
2.322559898587869018e-04
2.380559860850778873e-04
2.436914949129391169e-04
2.491607844722114264e-04
2.544622339480064792e-04
2.595943335806909376e-04
2.645556846659017497e-04
2.693449995545312958e-04
2.739611016527419168e-04
2.784029254219533918e-04
2.826695163788485758e-04
2.867600310953776822e-04
2.906737371987476578e-04
2.944100133714340007e-04
2.979683493511695383e-04
3.013483459309549990e-04
3.045497149590489284e-04
3.075722793389774477e-04
3.104159730295259594e-04
3.130808410447428873e-04
3.155670394539422251e-04
3.178748353816970851e-04
3.200046070078467453e-04
3.219568435674902531e-04
3.237321453509920625e-04
3.253312237039775352e-04
3.267549010273348921e-04
3.280041107772167308e-04
3.290798974650365567e-04
3.299834166574720892e-04
3.307159349764626603e-04
3.312788300992114366e-04
3.316735907581834140e-04
3.319018167411070435e-04
3.319652188909731475e-04
3.318656191060355702e-04
3.316049503398107437e-04
